21.8 21.2
24.2 23.8
26.8 26.2
29.2 28.8
31.8 31.2
34.2 33.8
36.8 36.2
39.2 38.8
41.8 41.2
44.2 43.8
46.8 46.2
1.8 1.2
4.2 3.8
6.8 6.2
9.2 8.8
11.8 11.2
14.2 13.8
16.8 16.2
19.2 18.8
21.8 21.2
24.2 23.8
26.8 26.2
29.2 28.8
31.8 31.2
34.2 33.8
36.8 36.2
39.2 38.8
41.8 41.2
44.2 43.8
46.8 46.2
1.8 1.2
4.2 3.8
6.8 6.2
9.2 8.8
11.8 11.2
14.2 13.8
16.8 16.2
19.2 18.8
21.8 21.2
24.2 23.8
26.8 26.2
29.2 28.8
31.8 31.2
34.2 33.8
36.8 36.2
39.2 38.8
41.8 41.2
44.2 43.8
46.8 46.2
1.8 1.2
4.2 3.8
6.8 6.2
9.2 8.8
11.8 11.2
14.2 13.8
16.8 16.2
19.2 18.8
21.8 21.2
24.2 23.8
26.8 26.2
29.2 28.8
31.8 31.2
34.2 33.8
36.8 36.2
39.2 38.8
41.8 41.2
44.2 43.8
46.8 46.2
1.8 1.2
4.2 3.8
6.8 6.2
9.2 8.8
11.8 11.2
14.2 13.8
16.8 16.2
19.2 18.8
21.8 21.2
24.2 23.8
26.8 26.2
29.2 28.8
31.8 31.2
34.2 33.8
36.8 36.2
39.2 38.8
41.8 41.2
44.2 43.8
46.8 46.2
