607
392
263
285
458
1660
421
521
437
1160
458
384
1194
453
559
1395
355
1081
645
323
397
947
1329
243
2462
782
411
350
698
827
736
1015
512
992
2339
1442
404
1754
1226
1707
591
446
201
162
719
992
623
800
502
1360
956
861
409
632
358
671
332
876
1073
672
308
1346
1179
1067
520
176
436
1124
1420
563
752
1857
251
991
1170
539
471
1374
539
433
490
1419
696
820
529
789
1900
1220
798
236
253
401
667
1103
1733
362
614
505
3691
806
2860
694
245
465
859
1753
460
463
335
617
244
448
488
294
216
1137
253
1209
257
840
485
809
777
427
783
1222
1525
610
998
436
581
437
550
1641
1391
870
1235
861
313
1565
997
462
378
440
515
620
977
876
552
527
